0
0
0
0
0
0
0
0
0
0
0
0
0
0
0
0
0
0
0
0
0
0
0
0
0
0
0
0
0
0
0
0
0
0
0
0
0
3
4
7
9
11
13
15
15
19
19
22
23
25
27
28
30
31
31
34
35
38
39
40
42
44
45
47
48
49
51
52
54
55
56
57
59
60
61
63
63
63
67
67
70
71
72
74
75
76
78
79
80
82
83
84
86
87
88
89
91
92
92
94
95
96
97
99
99
101
102
103
104
105
107
108
108
110
111
111
112
113
115
115
116
117
118
119
120
120
121
123
123
124
124
125
126
127
127
129
130
131
133
134
135
136
137
139
140
141
142
143
143
145
146
147
148
149
150
151
152
153
153
155
156
156
157
158
159
159
159
161
162
163
164
165
166
167
167
168
169
170
171
172
172
173
174
175
175
176
176
177
178
179
179
180
181
181
182
183
183
183
184
184
185
185
186
187
187
187
188
188
188
189
189
190
189
188
188
188
187
187
186
185
185
185
184
184
184
184
184
183
183
182
182
182
181
181
180
180
180
180
179
179
179
179
179
179
179
178
178
178
178
177
177
177
177
177
177
177
177
176
176
176
176
176
176
176
176
176
176
176
176
176
176
176
176
176
176
176
176
176
176
176
176
176
176
176
176
176
176
176
176
176
176
176
176
176
176
176
176
176
176
176
176
176
175
175
175
174
174
174
174
173
173
173
172
172
172
172
172
172
172
172
172
172
172
172
171
171
171
171
171
171
171
171
170
170
170
170
170
170
170
169
169
169
169
169
169
169
169
169
169
169
169
169
169
169
169
169
169
169
169
169
169
169
169
169
169
169
169
169
168
169
168
168
168
168
168
168
168
168
168
168
168
168
168
168
168
168
168
168
168
168
168
169
169
169
169
169
169
169
169
169
168
169
168
168
168
169
168
168
168
168
169
168
168
168
168
168
168
168
168
168
168
168
168
168
168
168
168
168
168
168
168
168
168
168
168
168
168
168
168
168
168
168
168
168
168
168
168
168
168
168
168
168
168
168
168
168
168
168
168
168
168
168
168
168
168
168
168
168
168
168
168
168
168
168
168
168
168
168
168
168
168
168
168
168
168
168
168
168
168
168
168
168
168
168
168
168
168
168
168
168
168
168
168
168
168
168
168
168
168
168
168
168
168
168
168
168
168
168
168
168
168
168
168
168
168
168
168
168
168
168
168
168
168
168
168
168
168
168
168
168
168
168
168
168
168
168
168
168
168
168
168
168
168
168
168
168
168
168
168
168
168
168
168
168
168
168
168
168
168
168
168
168
168
168
168
168
168
168
168
168
168
168
168
168
168
168
168
168
168
168
168
168
168
168
168
168
168
168
168
168
168
168
168
168
168
168
168
168
168
168
168
168
168
168
168
168
168
168
168
168
168
168
168
168
168
168
168
168
168
168
168
168
168
168
168
168
168
168
168
168
168
168
168
168
168
168
168
168
168
168
168
168
168
168
168
168
168
168
168
168
168
168
168
168
168
168
168
168
168
168
168
168
168
168
168
168
168
168
168
168
168
168
168
168
168
168
168
168
168
168
168
168
168
168
168
168
168
168
168
168
168
168
168
168
168
168
168
168
168
168
168
168
168
168
168
168
168
168
168
168
168
168
168
168
168
168
168
168
168
168
0
